8 20 1
8 10 1
4 10 1
35 5 1
25 26 0
00000000000000000000000111
00000000000000000000000111
00000000000000000000000111
00000000000000000000000111
00000000000000000000000111
00000000000000000000000111
11111111111111111111111111
11111111111111111111111111
11111111111111111111111111
00000000000000000000000111
00000000000000000000000111
00000000000000000000000111
00000000000000000000000111
00000000000000000000000111
00000000000000000000000111
00000000000000000000000111
00000000000000000000000111
00000000000000000000000111
00000000000000000000000111
00000000000000000000000111
00000000000000000000000111
00000000000000000000000111
00000000000000000000000111
00000000000000000000000111
00000000000000000000000111
2 10 1