8 20 1
8 8 1
3 5 1
4 4 1
30 2 1
15 15 0
111111111111111
111111111111111
111111111111111
111111111111111
111111111111111
111110000000000
111110000000000
111110000000000
111110000000000
111110000000000
111110000000000
111110000000000
111110000000000
111110000000000
111110000000000
15 20 0
00000111000000000000
00000111000000000000
00000111000000000000
00000111000000000000
00000111000000000000
00000111000000000000
00000111000000000000
00000111000000000000
00000111000000000000
00000111000000000000
00000111000000000000
00000111000000000000
11111111111111111111
11111111111111111111
11111111111111111111
